target_id	A	C	D	E	F	G	H	I	K	L	M	N	P	Q	R	S	T	V	W	Y
Q13507	0.06698564593301436	0.01674641148325359	0.045454545454545456	0.07535885167464115	0.05861244019138756	0.0430622009569378	0.01674641148325359	0.06698564593301436	0.062200956937799035	0.11842105263157895	0.031100478468899517	0.03947368421052632	0.03708133971291866	0.03708133971291866	0.051435406698564584	0.0729665071770335	0.03827751196172249	0.06818181818181818	0.013157894736842105	0.04066985645933014
P25024	0.06285714285714286	0.028571428571428567	0.03428571428571429	0.025714285714285717	0.06857142857142857	0.04857142857142857	0.028571428571428567	0.057142857142857134	0.03142857142857143	0.16285714285714287	0.03428571428571429	0.051428571428571435	0.03428571428571429	0.02	0.051428571428571435	0.06571428571428571	0.054285714285714284	0.08571428571428573	0.017142857142857144	0.03714285714285714
P01024	0.05832832230907997	0.016235718580877932	0.054119061936259774	0.07396271797955503	0.03607937462417318	0.05892964521948287	0.0174383644016837	0.04990980156343957	0.06794948887552615	0.09561034275405893	0.02164762477450391	0.03668069753457607	0.04990980156343957	0.054119061936259774	0.04930847865303668	0.06494287432351173	0.06313890559230306	0.08719182200841853	0.010222489476849068	0.034275405892964524
Q16832	0.05614035087719298	0.018713450292397658	0.06315789473684211	0.059649122807017535	0.04912280701754386	0.06432748538011697	0.021052631578947368	0.059649122807017535	0.04093567251461988	0.0912280701754386	0.03625730994152047	0.0456140350877193	0.05614035087719298	0.03976608187134503	0.05029239766081872	0.0783625730994152	0.04912280701754386	0.06432748538011697	0.018713450292397658	0.037426900584795315
Q8NER1	0.066746126340882	0.019070321811680568	0.05482717520858165	0.05840286054827176	0.05601907032181168	0.057210965435041714	0.015494636471990463	0.045292014302741365	0.05959475566150179	0.12157330154946365	0.027413587604290825	0.039332538736591184	0.045292014302741365	0.033373063170441	0.05244338498212157	0.07270560190703218	0.06555423122765197	0.057210965435041714	0.013110846245530394	0.039332538736591184
Q99707	0.08458498023715415	0.01818181818181818	0.06245059288537549	0.0774703557312253	0.03794466403162056	0.0782608695652174	0.021343873517786563	0.07272727272727272	0.06561264822134387	0.09249011857707508	0.02924901185770751	0.03715415019762846	0.0458498023715415	0.03241106719367589	0.0466403162055336	0.04822134387351778	0.0458498023715415	0.0616600790513834	0.0071146245059288534	0.034782608695652174
P30082	0.061855670103092786	0.03711340206185567	0.03917525773195876	0.03298969072164948	0.049484536082474224	0.0577319587628866	0.030927835051546393	0.041237113402061855	0.04329896907216495	0.14845360824742268	0.02268041237113402	0.024742268041237112	0.04536082474226804	0.041237113402061855	0.04536082474226804	0.08453608247422681	0.04536082474226804	0.07628865979381444	0.03298969072164948	0.03917525773195876
P50416	0.06727037516170763	0.01552393272962484	0.049159120310478664	0.05562742561448901	0.04657179818887452	0.06338939197930142	0.029754204398447608	0.05045278137128072	0.056921086675291076	0.09702457956015524	0.03492884864165589	0.03104786545924968	0.04398447606727038	0.037516170763260026	0.06209573091849936	0.07373868046571798	0.056921086675291076	0.06209573091849936	0.02328589909443726	0.04269081500646831
P30542	0.098159509202454	0.027607361963190184	0.027607361963190184	0.033742331288343565	0.05828220858895705	0.03680981595092025	0.015337423312883437	0.0950920245398773	0.04601226993865031	0.12576687116564414	0.027607361963190184	0.03680981595092025	0.06748466257668713	0.024539877300613498	0.03680981595092025	0.05521472392638037	0.030674846625766868	0.098159509202454	0.02147239263803681	0.03680981595092025
Q99895	0.0708955223880597	0.04104477611940298	0.05223880597014925	0.04104477611940298	0.022388059701492536	0.08955223880597014	0.026119402985074626	0.05223880597014925	0.04477611940298507	0.09701492537313433	0.011194029850746268	0.05223880597014925	0.04477611940298507	0.02985074626865672	0.05223880597014925	0.06716417910447761	0.05597014925373135	0.08955223880597014	0.037313432835820885	0.022388059701492536
Q92793	0.07207207207207207	0.020475020475020474	0.031941031941031935	0.042997542997543	0.02006552006552006	0.07084357084357085	0.02620802620802621	0.03071253071253072	0.0475020475020475	0.07084357084357085	0.038902538902538905	0.04873054873054873	0.11302211302211305	0.10974610974610977	0.04013104013104013	0.08927108927108927	0.05446355446355446	0.04873054873054873	0.005733005733005733	0.01760851760851761
P30411	0.04603580562659847	0.03580562659846547	0.02557544757033248	0.040920716112531966	0.056265984654731455	0.04603580562659847	0.010230179028132991	0.0741687979539642	0.03324808184143223	0.13043478260869565	0.043478260869565216	0.043478260869565216	0.03324808184143223	0.043478260869565216	0.04603580562659847	0.08951406649616367	0.06138107416879796	0.08695652173913042	0.030690537084398974	0.023017902813299237
P30291	0.07739938080495358	0.018575851393188854	0.05108359133126935	0.09287925696594428	0.03560371517027864	0.07430340557275543	0.02631578947368421	0.03869969040247678	0.054179566563467486	0.08359133126934984	0.021671826625387	0.02786377708978328	0.07275541795665634	0.032507739938080496	0.0804953560371517	0.10371517027863776	0.04179566563467492	0.03869969040247678	0.007739938080495356	0.02012383900928793
Q14534	0.07317073170731707	0.012195121951219513	0.04355400696864112	0.055749128919860634	0.05923344947735192	0.07317073170731707	0.02613240418118467	0.05226480836236934	0.0627177700348432	0.11846689895470384	0.02264808362369338	0.0313588850174216	0.04878048780487805	0.0313588850174216	0.04878048780487805	0.08188153310104529	0.03484320557491289	0.08013937282229965	0.008710801393728224	0.03484320557491289
O60741	0.0651685393258427	0.012359550561797751	0.03932584269662921	0.048314606741573035	0.04606741573033708	0.0696629213483146	0.02134831460674157	0.053932584269662916	0.04382022471910112	0.08202247191011236	0.03707865168539326	0.04044943820224719	0.07415730337078652	0.05955056179775281	0.051685393258426963	0.08764044943820225	0.06292134831460675	0.06292134831460675	0.010112359550561795	0.031460674157303366
P31213	0.0984251968503937	0.01968503937007874	0.015748031496062992	0.02755905511811024	0.08267716535433071	0.09448818897637797	0.02755905511811024	0.06299212598425198	0.02755905511811024	0.14173228346456693	0.011811023622047244	0.015748031496062992	0.06692913385826772	0.03543307086614173	0.05511811023622047	0.05511811023622047	0.03937007874015748	0.043307086614173235	0.015748031496062992	0.06299212598425198
P18031	0.0528735632183908	0.02298850574712644	0.0528735632183908	0.0942528735632184	0.04367816091954023	0.05057471264367816	0.029885057471264367	0.045977011494252866	0.07126436781609195	0.08505747126436781	0.029885057471264367	0.0367816091954023	0.06896551724137931	0.04137931034482759	0.05517241379310345	0.07586206896551724	0.04137931034482759	0.0528735632183908	0.01839080459770115	0.029885057471264367
P28827	0.05647382920110192	0.02134986225895317	0.048209366391184574	0.06267217630853994	0.03856749311294766	0.06473829201101929	0.026170798898071626	0.05578512396694215	0.04476584022038568	0.07024793388429752	0.022727272727272728	0.04958677685950413	0.060606060606060615	0.04476584022038568	0.05509641873278237	0.06818181818181818	0.07506887052341597	0.07575757575757576	0.014462809917355372	0.04476584022038568
P25025	0.06111111111111111	0.025	0.03888888888888889	0.03333333333333333	0.06111111111111111	0.04722222222222222	0.022222222222222227	0.06944444444444445	0.036111111111111115	0.18055555555555555	0.025	0.03888888888888889	0.036111111111111115	0.016666666666666666	0.05	0.08333333333333333	0.05	0.06944444444444445	0.016666666666666666	0.03888888888888889
P19801	0.06391478029294274	0.009320905459387484	0.0426098535286285	0.05725699067909454	0.0559254327563249	0.07323568575233022	0.047936085219707054	0.029294274300932087	0.03195739014647137	0.0918774966711052	0.017310252996005325	0.037283621837549935	0.08255659121171771	0.03994673768308921	0.058588548601864174	0.05992010652463382	0.061251664447403466	0.07057256990679095	0.023968042609853527	0.045272969374167776
P10275	0.08804347826086957	0.02934782608695652	0.040217391304347816	0.059782608695652176	0.03043478260869565	0.10434782608695653	0.02065217391304348	0.025	0.043478260869565216	0.09456521739130434	0.02391304347826087	0.021739130434782608	0.08043478260869565	0.07717391304347826	0.04456521739130435	0.08804347826086957	0.040217391304347816	0.043478260869565216	0.008695652173913044	0.035869565217391305
Q16236	0.04958677685950413	0.009917355371900829	0.0743801652892562	0.09586776859504133	0.04132231404958678	0.034710743801652885	0.02809917355371901	0.039669421487603315	0.06446280991735537	0.1024793388429752	0.019834710743801654	0.04793388429752066	0.06942148760330577	0.06446280991735537	0.02809917355371901	0.11074380165289256	0.04132231404958678	0.05785123966942149	0.003305785123966942	0.016528925619834708
Q9QYJ6	0.06297229219143577	0.030226700251889168	0.05037783375314862	0.07178841309823678	0.04282115869017632	0.05541561712846348	0.031486146095717885	0.0654911838790932	0.05667506297229219	0.09949622166246852	0.027707808564231738	0.04785894206549118	0.039042821158690184	0.03652392947103274	0.05037783375314862	0.06675062972292191	0.05793450881612091	0.05793450881612091	0.012594458438287154	0.03652392947103274
P05979	0.043333333333333335	0.021666666666666667	0.043333333333333335	0.05833333333333333	0.065	0.07	0.03	0.04666666666666667	0.04	0.115	0.02666666666666667	0.03166666666666667	0.08166666666666668	0.04666666666666667	0.06	0.05666666666666665	0.05166666666666666	0.05166666666666666	0.015	0.045
O00519	0.0846286701208981	0.027633851468048358	0.03972366148531952	0.0535405872193437	0.03626943005181347	0.08635578583765112	0.013816925734024179	0.015544041450777204	0.04145077720207254	0.13298791018998274	0.02590673575129533	0.02590673575129533	0.06735751295336788	0.04490500863557858	0.055267702936096716	0.07426597582037997	0.04835924006908463	0.08290155440414508	0.015544041450777204	0.027633851468048358
P37840	0.1357142857142857	0.0	0.042857142857142864	0.12857142857142856	0.014285714285714284	0.12857142857142856	0.0071428571428571435	0.014285714285714284	0.10714285714285714	0.028571428571428567	0.028571428571428567	0.021428571428571432	0.03571428571428571	0.042857142857142864	0.0	0.028571428571428567	0.07142857142857142	0.1357142857142857	0.0	0.028571428571428567
Q9UNH5	0.0707070707070707	0.018518518518518517	0.043771043771043766	0.05387205387205387	0.05555555555555555	0.06565656565656566	0.02693602693602693	0.0505050505050505	0.06397306397306397	0.08417508417508418	0.01346801346801347	0.06565656565656566	0.0505050505050505	0.02693602693602693	0.06228956228956229	0.10606060606060606	0.057239057239057235	0.03367003367003367	0.005050505050505051	0.045454545454545456
Q02643	0.07801418439716312	0.03782505910165485	0.03782505910165485	0.04491725768321513	0.06382978723404255	0.056737588652482275	0.03309692671394799	0.056737588652482275	0.02836879432624113	0.12529550827423167	0.014184397163120569	0.02127659574468085	0.061465721040189124	0.018912529550827426	0.0425531914893617	0.08037825059101655	0.07092198581560284	0.06619385342789598	0.040189125295508284	0.02127659574468085
P43166	0.04924242424242424	0.015151515151515154	0.05303030303030303	0.04924242424242424	0.04924242424242424	0.07954545454545454	0.05303030303030303	0.03409090909090909	0.04924242424242424	0.07954545454545454	0.022727272727272728	0.03409090909090909	0.07196969696969698	0.03787878787878788	0.04924242424242424	0.09848484848484848	0.05303030303030303	0.06439393939393939	0.022727272727272728	0.03409090909090909
Q9Y3R4	0.10263157894736842	0.021052631578947368	0.044736842105263165	0.05	0.03947368421052632	0.06315789473684211	0.036842105263157884	0.02368421052631579	0.021052631578947368	0.10263157894736842	0.010526315789473684	0.015789473684210527	0.08157894736842106	0.0868421052631579	0.06315789473684211	0.07105263157894738	0.05263157894736842	0.060526315789473685	0.018421052631578942	0.03421052631578948
O70528	0.07474226804123711	0.04639175257731959	0.038659793814432984	0.028350515463917526	0.05670103092783505	0.04896907216494845	0.015463917525773196	0.07731958762886597	0.033505154639175264	0.11082474226804123	0.033505154639175264	0.038659793814432984	0.04896907216494845	0.038659793814432984	0.05154639175257732	0.05670103092783505	0.05927835051546392	0.08505154639175258	0.01804123711340206	0.038659793814432984
O95271	0.11529766390354182	0.02336096458176337	0.04973624717407687	0.05576488319517709	0.01959306706857573	0.0828937452901281	0.05124340617935192	0.03391107761868877	0.0504898266767144	0.10776186887716653	0.01582516955538809	0.04672192916352675	0.06103993971363979	0.036171816126601364	0.04446119065561417	0.07159005275056518	0.0504898266767144	0.056518462697814624	0.003014318010550113	0.024114544084400905
O15294	0.1051625239005736	0.021032504780114723	0.05353728489483748	0.05736137667304015	0.03250478011472276	0.05449330783938815	0.03632887189292544	0.059273422562141485	0.05066921606118547	0.10420650095602296	0.02772466539196941	0.0621414913957935	0.05066921606118547	0.044933078393881457	0.045889101338432124	0.05066921606118547	0.04015296367112809	0.05353728489483748	0.009560229445506692	0.04015296367112809
Q99572	0.03697478991596639	0.05378151260504202	0.047058823529411764	0.057142857142857134	0.057142857142857134	0.05378151260504202	0.021848739495798318	0.05882352941176471	0.060504201680672276	0.08067226890756303	0.013445378151260505	0.04033613445378152	0.05882352941176471	0.043697478991596636	0.06386554621848739	0.06890756302521009	0.055462184873949584	0.06554621848739496	0.015126050420168069	0.047058823529411764
Q15149	0.11122971818958156	0.0074722459436379176	0.040990606319385135	0.1259607173356106	0.01964133219470538	0.04995730145175064	0.017079419299743808	0.03202391118701964	0.05251921434671221	0.11870196413321947	0.01409052092228864	0.013023057216054654	0.03095644748078565	0.08411614005123826	0.09671221178479933	0.05529461998292058	0.04547395388556789	0.05657557643040138	0.0068317677198975225	0.02134927412467976
P41245	0.07123287671232878	0.024657534246575345	0.07123287671232878	0.03561643835616438	0.06301369863013699	0.0958904109589041	0.021917808219178082	0.02054794520547945	0.04383561643835617	0.07808219178082193	0.010958904109589041	0.024657534246575345	0.0904109589041096	0.0410958904109589	0.0452054794520548	0.06575342465753424	0.07397260273972603	0.05616438356164384	0.021917808219178082	0.04383561643835617
Q8WN95	0.056681681681681674	0.01876876876876877	0.05518018018018018	0.0731981981981982	0.04241741741741742	0.05255255255255256	0.028903903903903905	0.0533033033033033	0.06118618618618619	0.11861861861861862	0.031156156156156155	0.04954954954954955	0.03378378378378378	0.0487987987987988	0.05217717717717717	0.0656906906906907	0.04954954954954955	0.07132132132132132	0.008258258258258258	0.028903903903903905
Q9JI35	0.1101123595505618	0.026966292134831458	0.02247191011235955	0.035955056179775284	0.051685393258426963	0.08089887640449438	0.015730337078651686	0.035955056179775284	0.031460674157303366	0.12134831460674154	0.020224719101123598	0.024719101123595502	0.060674157303370786	0.024719101123595502	0.06292134831460675	0.09887640449438202	0.0449438202247191	0.06292134831460675	0.02921348314606742	0.038202247191011236
P20618	0.08713692946058091	0.016597510373443983	0.06224066390041494	0.04564315352697095	0.04564315352697095	0.08713692946058091	0.020746887966804982	0.06224066390041494	0.05394190871369295	0.08713692946058091	0.03734439834024896	0.02904564315352697	0.03734439834024896	0.020746887966804982	0.06224066390041494	0.08298755186721991	0.05809128630705394	0.05809128630705394	0.0	0.04564315352697095
P18054	0.0784313725490196	0.02564102564102564	0.057315233785822026	0.06636500754147813	0.0392156862745098	0.05882352941176471	0.027149321266968326	0.043740573152337855	0.04072398190045249	0.12518853695324286	0.027149321266968326	0.027149321266968326	0.06485671191553545	0.060331825037707384	0.06334841628959276	0.043740573152337855	0.045248868778280535	0.05128205128205128	0.028657616892911013	0.02564102564102564
O15151	0.053061224489795916	0.036734693877551024	0.08571428571428573	0.07959183673469387	0.024489795918367342	0.04693877551020408	0.02244897959183673	0.04489795918367346	0.0653061224489796	0.09183673469387756	0.018367346938775512	0.036734693877551024	0.03877551020408163	0.053061224489795916	0.04489795918367346	0.1	0.07142857142857142	0.053061224489795916	0.014285714285714284	0.018367346938775512
Q00987	0.030549898167006113	0.038696537678207736	0.07331975560081466	0.11405295315682283	0.022403258655804482	0.04276985743380855	0.018329938900203662	0.04073319755600815	0.06313645621181263	0.07331975560081466	0.016293279022403257	0.03665987780040733	0.04684317718940937	0.054989816700611	0.04276985743380855	0.13441955193482688	0.05091649694501019	0.06313645621181263	0.00814663951120163	0.028513238289205708
O94759	0.06520292747837657	0.01929474384564205	0.0499001996007984	0.0658682634730539	0.04723885562208915	0.05788423153692615	0.030605455755156358	0.049234863606121095	0.056553559547571526	0.115103127079175	0.020625415834996674	0.033932135728542916	0.05322687957418496	0.04856952761144378	0.05854956753160346	0.057218895542248835	0.05123087159015303	0.0718562874251497	0.021956087824351298	0.02594810379241517
Q04609	0.07200000000000001	0.005333333333333333	0.048	0.064	0.06	0.08133333333333333	0.021333333333333333	0.052000000000000005	0.06	0.08133333333333333	0.02	0.050666666666666665	0.06133333333333332	0.02666666666666667	0.04666666666666667	0.076	0.04	0.064	0.017333333333333333	0.052000000000000005
Q15125	0.06521739130434782	0.017391304347826087	0.043478260869565216	0.026086956521739132	0.06521739130434782	0.07391304347826087	0.043478260869565216	0.034782608695652174	0.034782608695652174	0.1565217391304348	0.013043478260869565	0.026086956521739132	0.043478260869565216	0.034782608695652174	0.0391304347826087	0.0391304347826087	0.060869565217391314	0.09565217391304348	0.04782608695652174	0.0391304347826087
P10980	0.07081545064377683	0.027896995708154508	0.03433476394849785	0.032188841201716736	0.03862660944206009	0.0536480686695279	0.012875536480686695	0.0815450643776824	0.06652360515021459	0.07510729613733906	0.027896995708154508	0.07296137339055794	0.04721030042918455	0.027896995708154508	0.030042918454935626	0.07296137339055794	0.07939914163090127	0.0944206008583691	0.019313304721030045	0.03433476394849785
Q9Y5Y6	0.053801169590643266	0.04678362573099415	0.06198830409356725	0.05146198830409357	0.05029239766081872	0.09005847953216374	0.02690058479532164	0.0304093567251462	0.04444444444444445	0.0783625730994152	0.011695906432748536	0.043274853801169584	0.05497076023391813	0.03976608187134503	0.05614035087719298	0.08187134502923976	0.053801169590643266	0.07368421052631577	0.017543859649122806	0.032748538011695916
Q9BYP7	0.06222222222222223	0.01833333333333333	0.042777777777777776	0.08277777777777777	0.03277777777777778	0.05	0.019444444444444445	0.043333333333333335	0.06777777777777777	0.07055555555555555	0.02	0.03777777777777778	0.06555555555555556	0.06833333333333333	0.04111111111111111	0.11666666666666667	0.07166666666666667	0.065	0.006666666666666667	0.017222222222222222
P10636	0.07915567282321902	0.0052770448548812654	0.056728232189973624	0.07783641160949868	0.011873350923482849	0.10817941952506596	0.02638522427440633	0.02638522427440633	0.08443271767810026	0.056728232189973624	0.011873350923482849	0.017150395778364115	0.12269129287598945	0.04353562005277045	0.0395778364116095	0.104221635883905	0.06596306068601583	0.05408970976253298	0.0	0.0079155672823219
P11717	0.056202328382175835	0.048976314733038935	0.06262545162585308	0.0586109995985548	0.04014452027298274	0.07948615014050582	0.018867924528301886	0.03773584905660377	0.057406663990365314	0.07667603372139703	0.010036130068245684	0.041348855881172215	0.05058209554395825	0.03613006824568447	0.04576475311120032	0.08992372541148133	0.06904857486953031	0.06985146527498996	0.011641910879164994	0.038940184664793265
Q9UQD0	0.05808080808080807	0.019696969696969692	0.045959595959595964	0.07272727272727272	0.07121212121212121	0.0601010101010101	0.013131313131313131	0.07878787878787878	0.060606060606060615	0.09646464646464646	0.033838383838383834	0.04747474747474748	0.0398989898989899	0.027272727272727268	0.048484848484848485	0.0707070707070707	0.04646464646464647	0.06515151515151515	0.014646464646464647	0.029292929292929294
P78527	0.06540697674418605	0.02107558139534884	0.05062984496124031	0.07170542635658915	0.04748062015503876	0.04530038759689922	0.02180232558139535	0.04820736434108528	0.06686046511627906	0.12839147286821706	0.028585271317829456	0.037063953488372096	0.04530038759689922	0.045542635658914726	0.052083333333333336	0.07921511627906977	0.04433139534883721	0.060562015503875966	0.01187015503875969	0.028585271317829456
Q6P179	0.05625	0.0125	0.052083333333333336	0.06458333333333334	0.051041666666666666	0.04479166666666667	0.03229166666666667	0.05520833333333333	0.06770833333333333	0.121875	0.02708333333333333	0.03958333333333333	0.03958333333333333	0.04375	0.036458333333333336	0.08229166666666668	0.059375	0.05	0.021875	0.04166666666666666
Q13822	0.03707995365005794	0.03823870220162225	0.061413673232908465	0.06025492468134415	0.04982618771726535	0.05909617612977984	0.035921205098493635	0.04287369640787949	0.06373117033603708	0.07995365005793742	0.02085747392815759	0.0440324449594438	0.0660486674391657	0.024333719582850518	0.056778679026651215	0.07300115874855156	0.061413673232908465	0.061413673232908465	0.015063731170336037	0.048667439165701036
P70263	0.0784313725490196	0.036414565826330535	0.02240896358543417	0.03361344537815126	0.0700280112044818	0.06442577030812324	0.03361344537815126	0.030812324929971987	0.0196078431372549	0.15126050420168066	0.03361344537815126	0.025210084033613446	0.04481792717086835	0.036414565826330535	0.05882352941176471	0.0896358543417367	0.04201680672268908	0.07563025210084033	0.014005602240896359	0.0392156862745098
P35968	0.05014749262536873	0.02433628318584071	0.050884955752212385	0.07595870206489676	0.03023598820058997	0.06268436578171091	0.019174041297935103	0.05899705014749264	0.06194690265486725	0.09144542772861357	0.019174041297935103	0.03908554572271387	0.052359882005899715	0.03761061946902655	0.04498525073746313	0.08333333333333333	0.06710914454277286	0.08112094395280238	0.014011799410029498	0.035398230088495575
Q60492	0.08968609865470853	0.004484304932735426	0.02690582959641256	0.06726457399103139	0.05829596412556054	0.08520179372197309	0.03139013452914798	0.03139013452914798	0.008968609865470852	0.13004484304932734	0.017937219730941704	0.01345291479820628	0.035874439461883414	0.04932735426008968	0.05381165919282512	0.044843049327354265	0.07623318385650224	0.08968609865470853	0.04932735426008968	0.035874439461883414
Q01959	0.07741935483870968	0.020967741935483872	0.03709677419354839	0.03387096774193549	0.07096774193548387	0.08225806451612902	0.01935483870967742	0.06451612903225806	0.03387096774193549	0.11612903225806452	0.020967741935483872	0.02903225806451613	0.0467741935483871	0.024193548387096774	0.03225806451612903	0.07741935483870968	0.0532258064516129	0.0935483870967742	0.02741935483870968	0.03870967741935484
B2RXH2	0.06521739130434782	0.023715415019762844	0.03359683794466403	0.06126482213438735	0.03952569169960474	0.08893280632411067	0.03952569169960474	0.03557312252964427	0.03952569169960474	0.08102766798418973	0.029644268774703563	0.03557312252964427	0.06324110671936757	0.05928853754940711	0.05928853754940711	0.0691699604743083	0.0691699604743083	0.04743083003952569	0.01976284584980237	0.03952569169960474
P35218	0.07213114754098361	0.013114754098360656	0.02950819672131148	0.05901639344262295	0.036065573770491806	0.062295081967213124	0.036065573770491806	0.02950819672131148	0.036065573770491806	0.09508196721311477	0.022950819672131147	0.045901639344262286	0.06557377049180327	0.049180327868852465	0.052459016393442616	0.07868852459016394	0.06557377049180327	0.06885245901639345	0.045901639344262286	0.036065573770491806
P42866	0.06281407035175879	0.042713567839195984	0.032663316582914576	0.02512562814070352	0.05025125628140704	0.04522613065326633	0.02010050251256281	0.08793969849246233	0.03015075376884422	0.09045226130653268	0.035175879396984924	0.05778894472361809	0.05778894472361809	0.02261306532663317	0.04522613065326633	0.08040201005025126	0.08542713567839195	0.07537688442211055	0.017587939698492462	0.035175879396984924
O14757	0.04201680672268908	0.02100840336134454	0.06302521008403361	0.06512605042016807	0.037815126050420166	0.05672268907563025	0.02100840336134454	0.05672268907563025	0.0861344537815126	0.10294117647058824	0.023109243697478996	0.04831932773109244	0.05672268907563025	0.037815126050420166	0.05252100840336135	0.07352941176470587	0.04201680672268908	0.06302521008403361	0.02100840336134454	0.029411764705882356
P09601	0.09722222222222222	0.0	0.03125	0.09027777777777778	0.04513888888888889	0.04166666666666666	0.02083333333333333	0.02430555555555556	0.05555555555555555	0.11458333333333333	0.027777777777777776	0.027777777777777776	0.06944444444444445	0.0625	0.06944444444444445	0.05555555555555555	0.05555555555555555	0.06597222222222222	0.010416666666666666	0.034722222222222224
P06241	0.05772811918063315	0.01675977653631285	0.05027932960893855	0.07635009310986965	0.037243947858473	0.0893854748603352	0.0223463687150838	0.04655493482309125	0.06145251396648045	0.0931098696461825	0.024208566108007448	0.03910614525139665	0.04655493482309125	0.040968342644320296	0.05586592178770949	0.05586592178770949	0.0670391061452514	0.0521415270018622	0.0186219739292365	0.048417132216014895
P43235	0.06382978723404255	0.0243161094224924	0.03951367781155015	0.06382978723404255	0.0182370820668693	0.08814589665653495	0.0243161094224924	0.0425531914893617	0.0851063829787234	0.0851063829787234	0.0243161094224924	0.07598784194528875	0.0364741641337386	0.03343465045592705	0.0364741641337386	0.0729483282674772	0.03343465045592705	0.06990881458966565	0.02735562310030395	0.0547112462006079
P23921	0.06944444444444445	0.020202020202020204	0.04924242424242424	0.07196969696969698	0.030303030303030307	0.05555555555555555	0.01893939393939394	0.06818181818181818	0.07449494949494949	0.09343434343434344	0.029040404040404037	0.05808080808080807	0.03787878787878788	0.039141414141414144	0.044191919191919185	0.06186868686868687	0.05934343434343434	0.054292929292929296	0.015151515151515154	0.04924242424242424
Q9BY41	0.07427055702917773	0.026525198938992044	0.06631299734748011	0.055702917771883284	0.03448275862068965	0.08753315649867374	0.03448275862068965	0.06631299734748011	0.055702917771883284	0.08488063660477453	0.026525198938992044	0.026525198938992044	0.050397877984084884	0.03978779840848806	0.02917771883289125	0.0610079575596817	0.04509283819628647	0.06896551724137931	0.010610079575596816	0.055702917771883284
Q2NNR5	0.05	0.03823529411764706	0.032352941176470584	0.014705882352941175	0.07647058823529412	0.032352941176470584	0.020588235294117647	0.08823529411764706	0.06764705882352941	0.1	0.03823529411764706	0.05	0.041176470588235294	0.026470588235294117	0.03823529411764706	0.08235294117647059	0.06470588235294117	0.07647058823529412	0.005882352941176471	0.055882352941176466
Q9UNA0	0.08064516129032258	0.045161290322580636	0.04838709677419355	0.040860215053763436	0.02903225806451613	0.0989247311827957	0.034408602150537634	0.03225806451612903	0.06344086021505377	0.08279569892473118	0.010752688172043013	0.027956989247311832	0.05268817204301075	0.039784946236559135	0.06451612903225806	0.07741935483870968	0.060215053763440864	0.060215053763440864	0.017204301075268817	0.03333333333333333
P37058	0.08387096774193549	0.025806451612903226	0.022580645161290318	0.05806451612903226	0.045161290322580636	0.061290322580645165	0.01935483870967742	0.08064516129032258	0.07096774193548387	0.13548387096774195	0.022580645161290318	0.03870967741935484	0.025806451612903226	0.02903225806451613	0.03225806451612903	0.06451612903225806	0.061290322580645165	0.07096774193548387	0.012903225806451613	0.03870967741935484
Q92887	0.056957928802589	0.012944983818770229	0.04401294498381877	0.05242718446601942	0.05436893203883495	0.05501618122977346	0.016828478964401296	0.07378640776699029	0.059546925566343036	0.12815533980582525	0.02459546925566343	0.04595469255663431	0.029773462783171518	0.04271844660194175	0.04401294498381877	0.08608414239482201	0.059546925566343036	0.07055016181229773	0.017475728155339806	0.02524271844660194
P12268	0.0914396887159533	0.01556420233463035	0.07198443579766536	0.04863813229571985	0.03501945525291829	0.0914396887159533	0.02140077821011673	0.07198443579766536	0.07198443579766536	0.08560311284046693	0.027237354085603117	0.027237354085603117	0.0311284046692607	0.04280155642023346	0.04280155642023346	0.06420233463035019	0.05252918287937743	0.07392996108949416	0.0	0.033073929961089495
O00754	0.0830860534124629	0.011869436201780416	0.051434223541048464	0.04451038575667656	0.043521266073194856	0.06923837784371907	0.02670623145400593	0.02769535113748764	0.02373887240356083	0.10781404549950543	0.02077151335311573	0.04747774480712166	0.06726013847675569	0.05637982195845698	0.06923837784371907	0.05934718100890207	0.05637982195845698	0.07319485657764589	0.02670623145400593	0.033630069238377844
Q12809	0.08024158757549611	0.020707506471095767	0.04745470232959448	0.05176876617773943	0.03968938740293356	0.08024158757549611	0.02415875754961173	0.04831751509922347	0.030198446937014668	0.1087144089732528	0.020707506471095767	0.030198446937014668	0.08283002588438307	0.02933563416738568	0.07333908541846419	0.08886971527178603	0.05090595340811044	0.057808455565142365	0.010353753235547884	0.02415875754961173
P17538	0.09505703422053233	0.04182509505703422	0.05703422053231939	0.02281368821292776	0.034220532319391636	0.09505703422053233	0.01140684410646388	0.04562737642585552	0.05703422053231939	0.08745247148288972	0.01140684410646388	0.034220532319391636	0.049429657794676805	0.034220532319391636	0.02281368821292776	0.0988593155893536	0.06463878326996197	0.09505703422053233	0.034220532319391636	0.0076045627376425855
P09470	0.07393292682926829	0.011432926829268292	0.04725609756097561	0.0663109756097561	0.04573170731707317	0.05640243902439025	0.03277439024390244	0.041158536585365856	0.04649390243902439	0.10518292682926828	0.0236280487804878	0.05030487804878049	0.06173780487804877	0.04725609756097561	0.0510670731707317	0.06707317073170732	0.04420731707317073	0.04954268292682927	0.03125	0.04725609756097561
P18089	0.10444444444444444	0.031111111111111114	0.022222222222222227	0.06222222222222223	0.05111111111111112	0.07111111111111111	0.013333333333333334	0.06444444444444444	0.031111111111111114	0.10444444444444444	0.004444444444444445	0.024444444444444446	0.06888888888888889	0.04666666666666667	0.07111111111111111	0.07111111111111111	0.042222222222222223	0.06	0.02666666666666667	0.028888888888888888
Q14416	0.11009174311926606	0.03555045871559633	0.037844036697247715	0.0481651376146789	0.053899082568807336	0.07568807339449543	0.01834862385321101	0.04357798165137615	0.026376146788990827	0.10206422018348624	0.013761467889908258	0.029816513761467888	0.04931192660550459	0.029816513761467888	0.07110091743119266	0.0779816513761468	0.053899082568807336	0.07339449541284404	0.017201834862385322	0.03211009174311927
Q14994	0.07670454545454546	0.03693181818181818	0.03409090909090909	0.0625	0.05681818181818181	0.05397727272727273	0.03409090909090909	0.048295454545454544	0.03693181818181818	0.13068181818181818	0.028409090909090905	0.017045454545454544	0.05397727272727273	0.08238636363636362	0.07386363636363638	0.04261363636363636	0.05965909090909091	0.05113636363636364	0.0	0.01988636363636364
P51679	0.05	0.03333333333333333	0.036111111111111115	0.036111111111111115	0.07777777777777778	0.04722222222222222	0.016666666666666666	0.06388888888888887	0.04722222222222222	0.15	0.027777777777777776	0.030555555555555555	0.030555555555555555	0.022222222222222227	0.027777777777777776	0.07222222222222223	0.06944444444444445	0.075	0.016666666666666666	0.06944444444444445
P08473	0.07066666666666667	0.016	0.057333333333333326	0.07333333333333332	0.037333333333333336	0.055999999999999994	0.012	0.068	0.07200000000000001	0.08800000000000001	0.02266666666666667	0.076	0.03333333333333333	0.044000000000000004	0.042666666666666665	0.06266666666666666	0.04933333333333333	0.05333333333333334	0.02	0.04533333333333334
P11715	0.05325443786982249	0.01380670611439842	0.0631163708086785	0.05325443786982249	0.0611439842209073	0.057199211045364885	0.027613412228796843	0.06903353057199213	0.06903353057199213	0.1124260355029586	0.021696252465483238	0.03155818540433925	0.055226824457593686	0.037475345167652864	0.04536489151873768	0.0650887573964497	0.0631163708086785	0.06903353057199213	0.015779092702169626	0.015779092702169626
P08236	0.058371735791090625	0.009216589861751152	0.04608294930875576	0.05683563748079878	0.0445468509984639	0.06605222734254992	0.027649769585253458	0.03993855606758832	0.04147465437788018	0.09984639016897083	0.018433179723502304	0.04301075268817205	0.05683563748079878	0.049155145929339485	0.055299539170506916	0.06451612903225806	0.058371735791090625	0.07834101382488479	0.02918586789554532	0.05683563748079878
P00374	0.026737967914438502	0.0053475935828877	0.0481283422459893	0.0855614973262032	0.0481283422459893	0.06951871657754011	0.016042780748663103	0.0481283422459893	0.09090909090909093	0.10160427807486633	0.0374331550802139	0.053475935828877004	0.06417112299465241	0.0374331550802139	0.0427807486631016	0.06417112299465241	0.0374331550802139	0.0748663101604278	0.016042780748663103	0.032085561497326213
Q9Y345	0.09159347553324967	0.028858218318695106	0.028858218318695106	0.03889585947302384	0.06273525721455459	0.07653701380175659	0.00878293601003764	0.07151819322459223	0.04015056461731493	0.09284818067754078	0.028858218318695106	0.036386449184441665	0.07026348808030113	0.03262233375156838	0.0301129234629862	0.07026348808030113	0.058971141781681315	0.07026348808030113	0.025094102885821836	0.036386449184441665
O60755	0.1766304347826087	0.03260869565217391	0.02445652173913044	0.021739130434782608	0.040760869565217385	0.08695652173913042	0.021739130434782608	0.019021739130434784	0.002717391304347826	0.1358695652173913	0.008152173913043478	0.016304347826086956	0.06793478260869565	0.01358695652173913	0.10597826086956523	0.051630434782608696	0.035326086956521736	0.07608695652173914	0.021739130434782608	0.040760869565217385
P37288	0.0861244019138756	0.03349282296650718	0.02870813397129187	0.02870813397129187	0.057416267942583726	0.05502392344497608	0.014354066985645932	0.05263157894736842	0.0430622009569378	0.07416267942583732	0.03827751196172249	0.04066985645933014	0.05502392344497608	0.03588516746411483	0.057416267942583726	0.09090909090909093	0.0645933014354067	0.08373205741626795	0.03588516746411483	0.023923444976076555
P80457	0.07357357357357358	0.028528528528528524	0.042792792792792786	0.06606606606606606	0.05105105105105105	0.07957957957957958	0.022522522522522518	0.05105105105105105	0.06681681681681682	0.08858858858858859	0.022522522522522518	0.04129129129129129	0.0533033033033033	0.03153153153153153	0.0457957957957958	0.06381381381381382	0.07057057057057058	0.06681681681681682	0.008258258258258258	0.02552552552552553
Q15858	0.05482897384305835	0.018611670020120725	0.05030181086519115	0.0658953722334004	0.06488933601609657	0.050804828973843065	0.012072434607645876	0.07494969818913481	0.06740442655935612	0.10160965794768613	0.035211267605633804	0.04929577464788732	0.039235412474849095	0.02665995975855131	0.045774647887323945	0.08400402414486921	0.04678068410462777	0.06539235412474849	0.014084507042253518	0.03219315895372234
Q16875	0.061538461538461535	0.026923076923076925	0.05	0.07884615384615384	0.026923076923076925	0.038461538461538464	0.02307692307692308	0.04615384615384616	0.06538461538461539	0.08846153846153848	0.02307692307692308	0.04038461538461539	0.061538461538461535	0.04038461538461539	0.075	0.07692307692307693	0.04615384615384616	0.075	0.007692307692307694	0.04807692307692308
Q13393	0.056797020484171325	0.0111731843575419	0.05307262569832402	0.06890130353817504	0.049348230912476726	0.056797020484171325	0.040968342644320296	0.07355679702048418	0.06890130353817504	0.08472998137802606	0.021415270018621976	0.04283054003724395	0.04283054003724395	0.036312849162011177	0.0670391061452514	0.06890130353817504	0.040968342644320296	0.0595903165735568	0.017690875232774673	0.03817504655493482
Q6T3U3	0.09391435011269722	0.030803906836964687	0.036814425244177315	0.04432757325319309	0.061607813673929375	0.05709992486851991	0.015777610818933134	0.04583020285499624	0.030803906836964687	0.1322314049586777	0.018782870022539443	0.04432757325319309	0.0608564988730278	0.037565740045078885	0.04357625845229151	0.08414725770097671	0.05108940646130729	0.06611570247933883	0.011269722013523666	0.033057851239669415
Q62668	0.08073196986006459	0.02045209903121636	0.02583423035522067	0.03982777179763186	0.04736275565123789	0.07104413347685684	0.016146393972012917	0.05705059203444564	0.03982777179763186	0.13455328310010764	0.0247578040904198	0.03767491926803014	0.06350914962325081	0.026910656620021532	0.03013993541442412	0.08719052744886975	0.0688912809472551	0.06673842841765339	0.026910656620021532	0.03444564047362755
P43405	0.07086614173228346	0.014173228346456691	0.04251968503937008	0.07559055118110236	0.02992125984251968	0.07874015748031496	0.02992125984251968	0.04094488188976378	0.07716535433070866	0.09448818897637797	0.02992125984251968	0.047244094488188976	0.051968503937007866	0.044094488188976384	0.04881889763779528	0.059842519685039376	0.03622047244094488	0.05669291338582678	0.01732283464566929	0.053543307086614166
P11229	0.08260869565217391	0.03260869565217391	0.021739130434782608	0.05434782608695652	0.034782608695652174	0.06304347826086956	0.004347826086956522	0.04130434782608696	0.052173913043478265	0.11739130434782608	0.026086956521739132	0.03260869565217391	0.06739130434782609	0.028260869565217388	0.06956521739130435	0.07608695652173914	0.07608695652173914	0.056521739130434775	0.028260869565217388	0.034782608695652174
Q00194	0.04782608695652174	0.010144927536231885	0.07391304347826087	0.0782608695652174	0.04782608695652174	0.052173913043478265	0.008695652173913044	0.07391304347826087	0.10434782608695653	0.08405797101449275	0.026086956521739132	0.04927536231884058	0.036231884057971016	0.02753623188405797	0.0463768115942029	0.06521739130434782	0.04927536231884058	0.060869565217391314	0.014492753623188406	0.043478260869565216
Q96RJ0	0.04424778761061947	0.04129793510324484	0.02654867256637168	0.02654867256637168	0.08259587020648967	0.04424778761061947	0.029498525073746312	0.10324483775811208	0.056047197640117986	0.10029498525073746	0.05309734513274336	0.04129793510324484	0.035398230088495575	0.017699115044247787	0.029498525073746312	0.08849557522123894	0.038348082595870206	0.07374631268436578	0.02064896755162242	0.0471976401179941
Q9R1M7	0.055506607929515416	0.01850220264317181	0.04317180616740088	0.053744493392070485	0.04669603524229075	0.06431718061674009	0.029955947136563875	0.04581497797356828	0.04052863436123348	0.11894273127753305	0.029955947136563875	0.04317180616740088	0.05638766519823789	0.04581497797356828	0.05286343612334802	0.08986784140969163	0.06079295154185022	0.05903083700440528	0.02378854625550661	0.02114537444933921
O43174	0.058350100603621724	0.028169014084507043	0.03420523138832998	0.06841046277665996	0.0523138832997988	0.07645875251509053	0.028169014084507043	0.0523138832997988	0.05432595573440644	0.13480885311871227	0.028169014084507043	0.028169014084507043	0.05432595573440644	0.036217303822937634	0.07042253521126761	0.058350100603621724	0.044265593561368215	0.056338028169014086	0.012072434607645876	0.02414486921529175
